555.0 
584 552 509 597 542 571 582 486 549 552 531 547 528 557 524 522 573 540 565 557 570 586 532 584 535 582 560 582 562 523 550 562 549 545 541 564 545 537 550 587 563 542 558 568 556 570 559 540 581 542 553 571 545 519 539 537 520 533 528 572 558 581 517 519 562 550 576 536 560 527 524 564 561 550 527 553 596 554 553 571 562 549 554 572 571 524 566 571 580 548 578 566 526 543 530 521 509 565 565 530  
570 595 548 589 527 557 542 527 519 571 533 574 543 601 569 579 562 549 599 521 538 543 552 541 543 607 570 592 543 578 568 566 541 520 559 557 533 559 525 560 586 561 570 571 560 587 546 534 553 559 533 530 514 583 591 567 533 532 527 583 574 521 529 564 522 597 568 555 577 535 550 604 520 560 547 538 576 558 514 518 574 533 577 561 594 524 559 537 555 521 551 578 563 556 537 542 573 553 599 558  
557 569 521 569 539 569 537 534 525 547 521 543 529 560 572 540 560 558 537 563 589 510 544 573 553 549 568 517 578 581 506 566 565 547 554 549 545 557 561 566 557 613 547 585 555 572 571 619 552 567 519 536 541 541 542 560 548 540 491 579 562 567 562 571 559 575 557 557 586 512 578 591 614 561 538 556 561 535 580 530 564 518 543 547 569 537 559 563 547 501 589 536 550 550 551 528 559 546 601 557  
540 503 546 550 551 534 504 553 561 582 544 530 534 543 544 583 581 606 595 561 574 545 562 526 590 544 560 554 539 513 602 533 580 556 569 500 572 591 560 532 530 544 540 553 539 605 532 549 527 553 549 580 547 520 561 523 532 548 572 565 549 527 559 548 570 554 574 567 576 561 585 564 573 531 540 598 580 565 552 589 528 547 531 537 523 576 542 568 563 560 505 561 571 585 493 548 565 547 543 571  
563 524 559 525 555 560 564 540 546 550 548 534 557 589 565 576 564 582 531 534 499 540 574 555 539 574 558 571 560 588 575 595 552 524 557 556 581 525 572 547 540 537 553 550 579 557 589 571 496 581 532 565 566 538 501 578 564 565 564 571 576 525 580 552 562 545 569 546 548 569 559 525 575 553 570 503 522 553 573 526 529 559 559 507 547 564 567 590 571 560 559 537 549 546 553 525 530 521 514 562  
554 607 575 538 524 545 549 587 582 540 559 565 531 589 514 544 603 541 562 572 542 550 585 537 572 540 558 586 576 524 558 568 546 514 512 513 547 552 555 519 528 551 552 586 523 532 562 581 615 536 552 559 636 566 576 536 584 567 585 564 583 561 590 551 540 538 583 537 542 584 548 552 570 563 527 582 566 527 545 542 570 533 580 552 549 542 548 559 527 531 576 563 547 554 545 582 560 541 535 598  
577 583 548 527 566 555 569 539 593 563 548 544 511 587 571 542 548 542 586 564 564 560 554 527 552 545 526 525 565 563 508 595 597 550 584 575 541 550 598 583 576 557 592 565 577 537 556 548 554 531 543 592 554 546 608 571 578 596 552 564 518 558 551 621 555 557 549 509 553 528 580 567 602 531 573 585 550 538 528 573 570 519 560 539 562 563 555 574 571 558 556 549 541 571 556 585 562 556 573 561  
570 577 561 519 525 577 530 568 552 603 571 580 536 572 571 564 539 567 542 554 529 542 575 571 549 557 600 581 530 573 597 542 556 570 498 507 630 524 532 548 529 583 520 528 490 551 562 580 563 578 537 591 565 535 579 550 581 541 525 511 546 532 590 574 502 628 595 562 550 558 574 561 525 564 552 550 560 544 552 549 522 558 607 529 558 536 548 561 567 535 615 536 567 623 564 522 493 543 575 540  
561 542 521 566 552 542 537 554 539 565 591 553 578 549 568 610 526 565 603 520 514 523 533 511 552 513 592 544 569 550 603 544 542 607 521 569 517 547 547 566 540 576 557 513 597 562 548 540 514 577 604 546 567 556 560 547 537 617 558 520 545 572 568 579 548 570 559 613 571 528 552 528 563 559 565 540 555 572 519 547 535 557 548 541 563 588 542 575 563 524 551 534 532 552 542 543 541 552 556 533  
551 564 553 582 537 554 566 532 516 562 554 584 609 533 565 554 558 571 512 564 550 527 573 574 527 548 563 541 540 528 541 531 526 553 547 523 570 557 596 574 546 513 576 523 591 583 527 581 585 522 548 566 552 576 514 577 535 555 546 554 604 536 560 554 560 565 559 605 536 558 579 563 541 584 563 545 556 557 552 555 533 519 568 568 588 570 564 570 560 564 567 533 574 540 549 532 580 589 532 539  
562 560 619 556 532 527 566 522 582 554 580 533 564 569 574 526 533 597 557 545 506 562 546 553 580 544 550 555 573 550 584 552 530 546 559 537 566 598 562 532 554 569 568 508 566 540 548 548 558 571 572 546 507 566 527 556 568 530 550 564 586 575 524 524 554 531 579 499 528 549 536 542 552 543 631 575 599 573 566 553 527 554 605 530 568 511 588 585 540 565 525 561 542 579 560 545 514 532 535 526  
572 518 546 564 535 538 528 521 490 512 579 539 509 582 563 566 533 539 547 516 572 558 538 581 535 529 523 543 583 543 568 532 576 570 569 543 598 539 529 577 562 582 579 508 550 557 557 530 538 542 584 576 571 571 545 552 552 559 583 557 531 531 568 562 552 584 560 596 538 598 561 472 550 560 507 556 579 546 560 585 555 580 555 531 560 574 603 576 526 553 571 566 525 584 513 592 562 563 565 533  
555 536 546 567 539 561 552 509 541 550 538 575 551 564 507 535 531 594 559 588 521 561 581 519 573 550 505 568 544 603 572 565 579 565 563 561 576 559 594 541 528 584 572 551 549 550 522 541 519 554 568 538 531 507 535 573 546 559 569 553 549 551 580 563 572 590 563 559 571 562 573 545 546 528 539 564 564 538 535 588 495 546 551 617 546 568 553 549 580 580 530 525 546 550 572 597 519 550 501 592  
558 538 549 535 548 560 576 560 568 569 524 584 534 571 575 533 521 606 524 505 539 582 542 555 571 569 554 544 529 516 573 580 599 553 589 562 571 592 532 581 524 554 558 557 528 554 566 533 562 552 545 572 527 568 554 534 558 560 549 638 568 543 535 560 559 571 535 529 552 550 512 564 629 560 518 534 551 527 517 554 556 598 563 589 550 550 615 597 498 564 550 540 547 543 532 518 559 609 568 561  
562 533 571 571 578 542 543 612 535 568 521 543 548 555 560 566 527 589 583 484 527 537 556 539 548 580 559 552 527 532 537 579 593 529 551 558 576 562 576 580 567 561 542 596 558 566 566 526 533 550 568 585 532 578 560 563 556 524 536 541 523 568 567 546 557 581 543 537 529 535 538 542 530 522 569 575 522 557 553 584 563 544 570 541 538 553 571 556 574 531 511 548 562 550 589 531 581 584 567 535  
548 559 549 547 534 572 572 545 560 590 539 552 543 545 550 577 527 559 524 544 564 516 610 525 545 563 576 538 580 580 543 554 534 573 542 569 554 527 542 547 553 540 569 525 559 528 531 508 553 555 492 565 520 521 544 560 561 506 544 564 542 583 533 563 564 564 543 530 551 560 570 552 575 553 591 557 561 578 531 545 554 551 560 564 552 531 547 567 567 553 551 539 543 550 578 563 529 563 549 563  
509 583 557 506 575 575 524 581 571 551 537 549 541 544 525 577 551 552 527 588 546 573 535 537 534 568 550 544 578 542 544 610 541 563 566 592 540 533 540 563 602 527 586 547 534 593 577 547 546 532 515 519 559 571 555 522 557 603 558 559 517 569 560 570 521 534 551 583 587 533 555 533 566 564 565 613 575 546 552 552 535 520 561 543 564 548 538 556 522 535 542 589 527 539 596 527 547 543 568 542  
544 581 587 570 544 559 584 519 558 564 556 516 595 578 587 556 555 526 546 548 546 558 560 574 598 555 555 569 583 572 572 561 522 529 537 586 544 528 585 521 564 559 541 586 597 514 538 543 573 539 580 525 572 548 534 589 537 579 562 548 537 535 538 563 568 560 539 535 561 542 564 550 560 603 522 601 548 547 558 556 483 566 562 560 567 586 521 547 528 549 561 591 531 542 540 596 568 586 523 528  
545 539 578 571 544 555 552 533 537 558 544 541 586 573 573 538 548 551 524 547 583 570 569 562 566 538 532 534 556 559 573 515 550 563 515 548 532 578 534 587 517 545 566 544 546 553 595 556 563 562 560 546 539 552 555 521 580 598 527 539 551 573 560 567 575 505 531 554 563 560 537 539 555 563 528 595 572 605 533 527 560 554 558 567 534 596 542 542 562 488 548 551 537 566 532 563 548 519 546 561  
552 550 527 510 553 528 538 557 565 560 554 542 561 597 589 518 525 547 535 579 575 555 535 574 575 553 542 550 524 559 539 536 606 542 568 556 599 605 571 555 548 532 532 593 538 533 513 568 587 534 578 530 550 601 541 576 536 566 536 526 548 556 576 542 558 562 575 516 507 550 553 571 541 550 515 564 573 552 564 537 598 531 576 583 555 528 557 504 572 529 536 525 577 547 510 515 586 576 573 592  
539 533 519 562 583 557 535 552 533 552 542 536 589 506 557 564 551 577 604 567 550 557 538 548 552 589 529 559 577 589 576 572 581 543 562 544 541 522 608 538 594 548 549 527 554 545 568 540 518 555 564 485 555 562 554 587 591 514 555 550 545 558 584 536 533 600 548 530 500 579 585 567 607 568 553 578 566 519 548 557 564 532 569 537 504 578 502 551 530 556 570 566 561 521 548 527 559 566 588 548  
532 569 594 568 556 629 548 569 577 524 566 564 519 547 542 556 588 559 549 565 567 543 576 596 569 564 520 536 580 547 575 552 543 570 532 557 557 546 567 588 524 548 525 584 561 552 542 543 511 539 535 537 545 572 517 579 584 530 567 547 564 552 564 556 581 545 580 563 535 552 566 560 572 576 541 565 539 547 514 551 546 537 551 496 553 557 524 521 556 546 548 573 551 532 567 548 584 581 602 536  
613 537 513 611 544 550 583 550 600 562 539 584 545 568 512 577 568 532 548 553 534 533 520 518 544 544 548 546 536 505 545 566 548 547 522 557 587 567 559 540 552 554 519 594 537 543 564 574 538 540 576 524 553 519 563 519 554 554 531 546 588 563 537 580 510 563 564 550 580 552 605 568 514 527 520 587 529 561 535 493 551 599 548 545 534 587 532 549 564 548 580 541 546 552 551 591 533 550 541 579  
566 514 562 536 585 501 551 570 535 585 553 567 512 565 565 558 531 556 524 542 555 520 527 595 585 532 571 533 576 568 549 560 525 538 538 627 608 558 572 537 554 562 541 530 567 531 571 527 555 537 545 531 601 560 584 506 546 524 563 585 522 557 510 571 557 560 556 540 541 532 563 536 569 556 560 560 597 631 581 505 594 530 540 549 540 534 556 550 567 564 558 546 523 567 595 569 582 533 548 528  
568 553 516 564 541 528 567 562 531 496 571 556 558 569 567 601 549 521 566 610 588 567 566 524 538 565 560 550 537 523 542 587 571 555 582 538 567 593 529 575 592 541 556 539 546 574 525 590 532 532 560 538 550 529 539 503 553 520 537 541 583 572 542 558 580 550 571 528 537 550 482 571 544 592 515 543 583 525 531 553 576 554 535 557 524 609 544 538 564 579 513 533 552 579 557 574 530 540 560 519  
520 582 582 506 551 563 560 545 537 563 613 587 547 537 554 579 543 491 557 564 606 598 579 567 560 569 583 569 570 533 579 552 573 602 561 554 544 556 540 566 544 544 542 523 570 535 562 533 530 602 566 567 541 587 494 538 545 525 587 517 556 541 532 532 553 533 503 564 561 537 557 559 561 558 553 552 574 542 541 544 550 533 545 559 534 539 566 572 518 532 551 581 546 519 553 567 525 543 556 548  
553 549 606 527 602 584 535 549 548 573 594 541 551 559 556 538 555 594 544 597 527 546 572 557 548 546 565 572 539 574 547 562 533 552 549 577 547 563 560 571 552 496 521 589 555 584 601 552 551 555 542 580 562 557 534 542 559 586 544 513 547 545 614 555 564 533 573 528 556 523 551 600 582 543 558 552 536 551 510 550 586 599 567 497 570 602 565 534 556 606 535 558 590 556 545 564 555 549 543 574  
511 564 537 615 556 572 540 562 530 503 578 539 555 564 541 522 554 547 556 548 543 542 567 593 536 560 543 587 549 535 570 543 532 534 560 558 551 561 545 561 546 539 554 584 548 538 548 583 596 534 512 564 537 552 550 571 548 560 535 544 541 550 573 544 520 529 551 522 600 568 554 541 533 596 547 582 537 554 581 537 560 487 551 551 559 535 551 569 545 580 518 571 548 559 559 580 531 576 550 570  
580 548 551 558 544 527 565 546 592 553 567 537 611 553 599 600 540 590 549 550 573 521 562 559 559 579 542 607 590 593 553 532 597 537 551 564 519 561 522 567 584 529 525 549 531 538 563 524 544 569 520 554 567 565 551 548 561 538 575 577 548 569 518 565 579 558 567 568 574 555 509 530 575 575 529 545 548 589 545 547 558 550 576 568 521 512 578 551 589 543 559 537 536 564 552 599 587 534 560 583  
554 551 559 535 597 546 539 566 563 538 551 521 538 572 580 548 587 544 564 574 555 535 560 586 554 602 552 550 563 559 558 547 549 579 565 591 549 569 580 517 559 569 553 543 571 530 542 562 602 541 555 579 560 533 586 565 602 529 577 529 579 588 551 553 572 588 561 552 549 547 553 572 522 525 538 531 525 558 548 551 574 542 547 534 567 557 572 554 552 559 580 535 540 552 566 560 535 585 585 539  
550 554 564 562 554 587 529 605 553 515 527 567 567 564 538 550 542 552 566 537 538 526 564 567 545 528 563 583 530 584 562 507 583 591 569 555 571 535 540 547 555 580 521 561 517 583 540 553 601 582 520 512 558 545 569 562 537 551 545 546 549 559 574 579 565 576 582 536 575 562 540 540 566 540 539 558 552 524 572 570 555 463 503 563 583 565 509 536 557 508 483 528 583 505 571 550 605 544 562 608  
577 535 548 599 505 571 558 547 565 575 544 582 527 534 535 590 546 582 570 556 576 563 561 535 551 579 568 567 571 546 580 554 535 560 554 567 577 568 541 534 581 527 568 558 526 566 546 531 565 502 550 603 561 530 582 554 572 590 573 546 566 558 576 560 578 583 545 574 598 592 550 559 587 581 610 499 587 543 550 569 500 569 606 554 552 539 503 557 562 530 589 577 533 574 512 541 562 569 571 551  
576 559 533 561 566 568 554 568 552 556 552 553 566 572 530 536 549 605 586 565 561 542 584 495 584 579 584 598 597 554 585 537 562 516 601 561 540 545 531 535 561 549 511 585 550 573 594 539 559 559 582 563 531 555 545 524 526 538 559 557 546 532 572 563 596 567 482 585 597 560 573 540 533 559 576 543 549 527 539 522 567 574 565 529 565 530 542 539 547 546 561 568 544 612 554 554 543 569 569 529  
549 538 526 564 565 518 568 570 562 532 551 561 569 537 553 530 563 534 569 546 543 546 564 541 476 570 544 553 592 563 550 537 589 569 557 535 591 534 542 528 582 587 570 567 527 559 531 548 534 550 545 554 551 540 585 527 548 545 590 524 584 570 586 556 560 536 603 496 596 536 580 556 570 574 586 536 557 579 557 618 547 568 597 613 566 561 576 569 573 563 583 586 568 561 557 512 520 504 586 569  
514 593 568 572 596 567 574 536 525 579 546 539 566 525 560 572 555 559 603 527 575 552 572 550 522 553 534 581 570 529 553 559 565 486 558 618 582 548 597 557 557 539 555 525 520 537 541 557 547 588 556 584 526 557 547 552 549 556 536 534 507 535 557 521 511 555 521 505 530 583 568 528 526 550 550 577 522 509 555 574 574 526 551 559 563 585 551 566 546 540 560 539 548 536 576 550 599 570 537 562  
560 533 569 556 576 547 543 515 588 578 564 553 565 534 578 530 567 575 573 553 514 543 535 561 578 595 540 515 567 564 559 567 521 541 525 597 559 564 543 503 546 562 585 592 601 564 528 556 572 548 567 544 553 550 551 578 574 540 577 566 526 528 581 585 549 551 563 562 560 548 579 592 569 515 546 561 562 653 517 543 561 515 576 554 555 557 511 565 538 519 535 533 551 583 526 582 587 538 566 551  
523 585 593 519 538 599 556 553 541 551 537 530 570 521 548 553 547 551 536 545 546 597 545 580 560 565 564 544 548 562 542 523 579 541 565 524 571 544 558 555 559 542 502 590 567 545 546 526 557 566 547 539 552 515 573 577 563 550 601 578 611 583 538 583 560 578 505 562 544 562 568 576 557 581 565 585 593 593 594 631 523 591 583 553 560 566 517 568 513 521 572 555 559 527 547 545 523 555 571 540  
556 588 553 558 509 576 594 565 530 554 580 573 530 565 571 551 565 560 537 577 549 548 563 589 530 536 576 568 543 558 557 514 585 562 586 531 546 539 583 531 545 579 557 561 526 542 552 575 560 581 582 543 559 569 529 582 577 558 553 577 539 544 544 549 584 544 567 595 565 584 487 559 525 561 520 554 592 554 536 552 596 561 568 538 549 536 551 545 589 560 550 540 561 581 580 543 541 534 565 552  
534 552 530 566 558 544 570 592 539 537 570 560 577 554 586 576 599 547 543 535 533 526 562 548 580 515 511 567 597 591 535 573 560 581 542 538 585 542 523 526 576 556 559 586 550 553 531 587 547 527 544 545 570 575 601 521 531 546 570 552 530 528 566 562 552 520 563 567 553 519 503 538 543 561 561 587 556 530 535 552 535 544 541 531 567 592 576 549 533 535 553 527 603 591 606 600 605 522 529 529  
564 551 593 547 522 579 556 555 563 603 536 588 549 550 554 571 580 549 548 542 561 592 571 528 539 538 501 552 573 551 562 544 548 567 527 540 547 590 568 484 577 526 593 564 551 564 572 580 547 562 553 571 585 574 538 627 567 582 535 533 585 565 567 516 580 516 562 613 578 553 566 558 546 603 576 593 549 550 574 590 546 581 550 542 572 601 590 570 540 512 531 595 582 563 554 569 572 559 517 564  
567 523 537 539 584 555 577 546 576 591 566 550 559 539 582 582 558 560 532 547 555 578 523 549 580 501 623 538 526 550 530 544 537 542 579 535 582 566 553 569 555 569 556 544 542 533 523 582 562 521 562 554 563 535 527 584 582 545 608 591 568 552 556 537 566 602 518 573 572 528 562 553 568 506 564 556 529 529 562 612 554 551 529 551 539 524 544 565 570 548 570 612 584 564 547 575 545 528 569 579  
541 563 510 550 539 581 587 574 526 600 565 581 547 565 555 607 545 503 562 552 563 553 564 564 562 543 539 547 543 589 567 554 548 563 542 581 542 571 530 552 540 532 589 508 517 596 552 546 580 550 524 543 579 537 524 574 593 567 587 591 569 541 541 556 517 523 524 562 566 590 581 562 563 587 553 525 537 524 537 558 554 556 563 566 549 539 568 518 559 556 562 569 566 568 554 538 556 564 579 553  
572 572 528 551 583 521 558 608 509 581 520 550 520 543 559 540 527 557 544 554 527 537 547 557 535 516 580 565 542 596 534 535 555 581 543 558 577 604 595 513 536 596 548 537 567 541 545 550 518 535 557 609 580 568 571 509 545 586 531 570 563 572 544 555 589 584 552 556 553 555 576 535 570 599 532 568 575 509 585 537 560 511 581 571 531 570 579 544 510 572 536 504 559 584 555 522 558 535 582 561  
537 552 546 553 520 539 646 553 524 535 549 589 564 522 555 544 593 545 557 559 554 556 592 534 541 567 567 575 558 549 568 543 577 523 595 573 514 576 583 490 579 539 560 585 556 550 553 569 566 544 548 555 576 554 559 518 527 563 543 556 547 548 534 590 555 534 507 569 590 545 556 525 557 580 568 534 528 543 548 531 577 574 538 525 527 551 531 590 550 567 543 569 537 549 578 572 579 598 555 492  
586 556 565 548 549 564 576 611 551 533 511 526 576 527 556 558 543 537 561 582 536 569 554 548 544 574 543 562 513 563 604 531 567 602 590 543 543 545 558 613 578 563 572 559 539 529 569 562 516 564 548 563 540 564 576 547 555 529 575 520 567 532 552 571 556 522 566 543 530 548 561 547 557 518 582 588 571 582 558 594 528 565 518 576 573 538 544 576 519 564 556 541 547 549 515 552 582 567 545 559  
528 593 547 549 547 546 588 512 578 560 567 554 569 552 574 560 536 527 539 545 534 543 584 556 593 531 562 574 601 529 520 542 542 587 540 546 560 557 553 550 542 560 530 564 573 543 546 600 573 544 557 544 589 519 570 546 541 525 559 563 576 556 547 513 563 531 495 544 564 536 544 551 549 549 543 552 569 556 575 536 544 544 546 519 536 569 532 541 534 518 591 555 549 516 568 586 557 567 549 599  
603 545 588 538 523 528 556 556 541 529 551 573 578 541 571 565 557 510 514 546 543 545 550 534 575 574 561 517 559 547 559 578 567 529 544 535 544 611 592 580 569 518 596 537 558 551 564 536 596 554 579 552 544 563 564 558 584 528 541 519 552 547 495 568 522 572 513 571 557 570 547 520 553 549 536 531 550 550 587 541 569 527 533 537 548 563 550 551 522 568 540 544 553 585 507 518 531 522 557 590  
563 554 560 573 547 552 565 563 538 536 569 571 605 537 556 527 564 548 512 577 543 576 557 570 499 565 524 527 586 582 559 556 584 536 531 538 561 542 556 565 544 553 580 641 571 542 591 531 566 549 539 545 594 560 568 524 539 522 541 569 562 523 543 551 532 599 552 520 553 585 553 514 544 561 532 572 561 547 577 598 516 575 583 540 510 604 566 525 549 579 548 554 538 579 530 559 557 509 523 586  
561 546 555 548 554 607 529 513 572 530 549 565 575 547 570 560 598 534 531 509 562 517 572 529 555 549 560 552 508 539 558 538 591 553 570 508 580 569 562 537 568 582 530 520 555 539 538 579 515 570 587 557 573 542 596 579 569 571 560 533 547 578 518 535 505 561 544 562 552 563 564 538 534 557 515 549 564 591 536 546 500 551 557 548 504 544 530 565 503 558 550 571 552 548 525 511 529 543 557 547  
526 552 551 534 576 611 578 568 534 540 516 549 559 557 564 544 531 552 543 529 544 542 551 556 559 536 552 570 621 549 565 596 564 560 572 569 561 611 584 564 553 569 582 506 561 538 503 551 560 551 521 576 526 590 550 542 539 570 542 566 566 580 555 596 557 551 555 558 577 538 569 597 555 571 548 558 557 500 586 573 545 566 528 554 547 544 543 594 555 572 569 550 604 551 536 550 547 561 559 575  
